0.9486204050148446 0.8597498332053615
0.91374964230885 0.9813034974455533
1.1837515282454345 1.0490413141721355
0.7702892568684876 0.8254102327625996
1.0601101265285862 1.2152411875748739
0.961239510033248 1.144504847919623
0.9217478838530608 0.9504415270776596
1.1234590290794593 0.9942996547081324
1.1177929645827656 0.8416098578586766
1.219358922716376 1.2326431424832274
0.7655461967330388 0.8210326328532749
0.9547816808955512 1.0150739776407955
1.1460085355263743 1.0422118971517265
0.8306975894432407 0.9339293362794827
0.8906874741642566 1.2194877119844039
1.24005834817505 0.9857543192662994
1.1873643108985845 1.1371055675050856
1.178438725059085 0.9228686518704712
1.132788597475316 0.9362643572677607
1.2069159810595949 1.1335808600386115
0.7521345161196975 0.8247985847689454
1.0828180031476418 1.165186220743276
1.0273088047241785 0.8872800161418922
1.2447352360774881 1.0985642393469188
1.0067207252551336 1.0936249298619136
0.8533900513603776 0.9555411274041175
0.8482483478114663 1.0603929266848326
0.944463763502817 0.9452235329401165
1.1236912421294694 1.1944209420758378
0.802562977871712 1.2291110303814539
0.794140774485931 0.7796075599179928
0.9227035696713882 1.1524875332383404
1.07635773648549 1.0731591749515612
1.092960434454021 1.0108616380314968
0.8143912766986763 0.9025896056761564
1.1610753344403855 1.1177900706575536
1.0930062992093772 1.1098264857054903
1.2001411026183217 1.128270138007678
0.7582065782232568 0.9325362428197733
0.9967282854413646 1.1401064419726377
1.1437280120141207 0.7674422042968693
0.9663758848884245 1.1283255978233067
1.0885264873477114 0.8304904087769741
0.9175000170135861 0.9256953912719592
0.9259247715631638 1.0827979536491505
0.7635778624574487 1.2480409608187153
0.8332459547163253 1.0334160828005854
0.8126762012966846 1.0318076327432515
0.8746439732995276 1.132373528388945
1.1972285776042608 0.9065573268038769
0.7988933340102193 0.7899878488764382
0.7843167157980695 1.2064024781303604
1.222308443956611 0.9692721055200075
0.7949854246467485 0.7520550327365785
0.9417684500646564 1.2130613625085669
1.0560907646353341 0.9020137182159893
1.1507889675750738 0.7769449993264277
0.8890129581108588 1.014773991916698
1.196663857720817 0.7914850946053933
0.9395034039813547 0.8527556473142082
1.0131916604268747 1.1264329871275431
1.2465019861746975 1.1319696069801886
0.8586291917220166 1.18720360348042
0.8209138735338559 1.154399927208758
0.7639512947337266 0.790743092904254
1.1235683811575994 1.0226251862554596
0.9563544563149422 0.8701398895862446
1.1748588999168799 0.8147296249050313
1.2365052643242036 0.8361870076786344
0.920622536205238 0.7675333416399925
0.7853508056321326 0.7600511663373897
0.9137436595197053 0.8412597092803316
0.8269017274777337 1.1848241935757837
1.0125647429712887 0.9146871303092459
0.9567283673727535 0.9806361371660552
1.1357810060344324 0.9386097356786176
0.7727687228185218 1.2444967327963161
0.9753256211746429 0.987033142338452
1.2422100279894392 1.2046618155770847
0.9117960647826584 1.0029075818200819
1.038514979674141 1.0446781716540168
0.7846397131261393 1.104213023806057
0.890863452340912 1.0113127204308947
1.2191663934831662 1.1632436556649048
0.8312756180414902 1.1389334122217432
0.8297703905233489 0.9355824998804578
0.9740026196935612 1.0346592412570461
1.2132808317450392 1.1465942457266978
1.1973763213014963 0.9654581714935688
1.0338182896991777 1.2277343190386745
1.199665405802179 0.9869274791067763
0.9136767420474925 1.0821026217408065
1.0740036519544593 0.8609579616925622
1.218999775653296 1.1699985351916171
1.1920312166289202 1.1491494472096426
1.2080881255684888 0.9971403609720267
0.9303350273000811 1.2134542885296926
1.0767677608142736 1.2004836289042569
0.843212140675303 1.1417778031973764
1.0646070619718606 1.225585818972142
1.085351116650121 0.9759734524431736
1.0895302108661606 0.9879902906746121
1.0223033950710028 0.7998945471359149
1.192765056154595 0.9269646937049951
0.8294362674704077 1.041667409982624
1.1526026295912235 1.094848736002284
1.0373809272658374 1.0102671813314994
0.799505294679627 0.982142140190339
0.8657692967799595 0.9093153034721535
1.002160074368133 1.0366937266488079
1.0041321081396402 1.1437295435276242
1.1677065042286823 1.219062798029876
0.9631973933193742 0.7557796106307764
0.975033023033751 0.9119798924001139
0.9147420586992432 1.1533187430872487
0.7984173452305383 1.1553989854427518
0.8846548706529469 1.1691549186673533
0.9429780356557242 1.0710268017501372
1.094641313057401 0.9865996995951577
1.0443858975326819 0.8472761706018772
1.0150776092610048 0.9049684218136402
0.9782604109172417 1.1734543433201121
1.2256583503488574 1.060866397631093
1.1092482960016805 0.8865410010763795
1.0561245135313535 0.8135048298174306
0.893123318190298 1.1556315337256788
0.7500051164535344 1.0673101611274187
0.8314736607791446 0.9476562421111412
0.9008786065405976 1.1220533645769468
1.0573047895248582 0.9860676117761136
0.8540967446116912 1.2018482567693003
1.249806159889335 0.8210440711992291
1.0365406140719424 1.203438613478943
0.9702748384274871 0.8501931859772031
0.9922756360642826 0.8199394691566841
0.7996322307162469 1.07853456900728
0.9784524799435286 0.9864768154417003
0.7758505223076015 1.204353762682103
0.7697157324974142 0.9704351241393177
0.8172645767783131 0.9360704349486486
1.1785402029430307 1.028292426312043
1.0007470320255833 1.169416270273169
1.0912471533791173 0.9458925602239279
1.1854161927941176 0.8368593024358297
1.1998538019110696 0.8262618339143715
1.2207493415964206 0.9221375577989082
0.8416613746691798 0.7932384114082393
1.0750102402111812 1.2104887897323007
0.9861303900995855 0.9744240409028705
1.134981631195233 0.9602041061497539
0.39687899065873183 0.09503560414049866
0.49935470686108824 0.018030407403698268
0.3760815674760989 0.1571782746809951
0.06869956504327934 0.3836825388328673
0.09002914338184015 0.2885351999415972
0.2436382348232951 0.1308248854459213
0.17534013233806706 0.2569758100813452
0.38882283084017466 0.0346037492003865
0.1990434479394536 0.29252147123889766
0.1690678696612633 0.09522831158756023
0.41841178160955406 0.22021374651818054
0.3202865806048638 0.4514706660343895
0.3392964652575996 0.22660411128858338
0.30164058169472563 0.018605799787034083
0.3516271643166076 0.48895280800420193
0.04705848063676854 0.21399383640132985
0.09488978989556224 0.45348902334922364
0.22094053568006644 0.3657220632296046
0.2786485182062007 0.4997859704157857
0.3430920859311904 0.38959906651396825
0.11368086504674524 0.06785274657799895
0.037057385454919656 0.46067089687068996
0.42625798039060653 0.4611876601137274
0.20062855188620898 0.38917976812036836
0.34996479522645835 0.14486676831951245
0.3598700769690676 0.49340891306795204
0.05367817630935595 0.3959683423031962
0.40845525952856865 0.18459332798242384
0.42872620555739427 0.2557212710398711
0.36767308718859837 0.44632019182505617
0.3504954682391547 0.014637603693629098
0.19014896184063257 0.4742957658782676
0.21165474421364938 0.4421832760495074
0.4911719563984041 0.48127987115029003
0.30165582790619655 0.31715425801205444
0.41510499749072205 0.2361316829031025
0.31081373036828824 0.24012452801545253
0.37665429101874787 0.37095145889315395
0.140773274733419 0.3345418465423943
0.012203880524558897 0.07466644759447122
0.16927928339717585 0.12254350042366358
0.22650659626531955 0.4672368251273805
0.49937451683644984 0.3059616306957984
0.1786365771113782 0.3067520510701012
0.0753347745897276 0.3658005667905133
0.17682582664807683 0.15987630745896964
0.04291999036792582 0.15694285225163768
0.057292525650202764 0.27702992942236965
0.3514428110607776 0.4406916123076818
0.02293114560951537 0.011599884599903743
0.28707235782982776 0.08454194978988483
0.47557017189174144 0.1620194606130208
0.41702143469043107 0.10215847823689056
0.07612458962811713 0.026373989217814864
0.18395803991960646 0.39822061841972123
0.46171306860527495 0.2534388764158656
0.06854895766681257 0.06213873076167925
0.183034567935844 0.28458121117185897
0.12601442867605694 0.3765784608444887
0.3054237679164396 0.09702559865369864
0.42406680793679313 0.11128777726880512
0.4756741095893723 0.30925293366703543
0.40240587152049256 0.08248923471751768
0.41689644208308857 0.024771083647826153
0.36235497429402536 0.48989185221224824
0.08266496846855947 0.2274377268021039
0.12846512133203752 0.4378846944895598
0.32509091974966786 0.1212990480626055
0.38808924179704285 0.05865700929581008
0.1901323637355236 0.28699625319805255
0.1418563740088995 0.28678010604544213
0.4037548008225302 0.3281941527145223
0.47931682694814937 0.38673977136151305
0.1254098679870289 0.061695062496155806
0.21807226664875323 0.2528718493856644
0.18871306886030642 0.26976017583677764
0.33840107550615195 0.29687253841990696
0.10796166751539815 0.19888951649647402
0.3787328961714487 0.18901895032445443
0.3855762205832601 0.4436222881819054
0.19567891797107118 0.345776014419572
0.16003777575273015 0.08028334261669895
0.4549139297877641 0.3987338460165195
0.38932445383728514 0.12354573930182555
0.04347343658506381 0.45592431058480404
0.148627355780532 0.07833242299713744
0.33394666632035463 0.26935515166160745
0.3032566398115559 0.08578691519112253
0.16688360194383445 0.39845076457783546
0.43421600017091866 0.4500420341430919
0.2980181804741286 0.1353368794173166
0.3481509081416541 0.0490911708427903
0.03417844489427224 0.13551369832670895
0.40151590658871633 0.32787859969486466
0.05482175543370882 0.32002189375323087
0.41633075504349093 0.3925148934302127
0.35279427688888715 0.08822651084565036
0.09530705718235039 0.1004117773104608
0.34616666815916064 0.19464534956032792
0.4548328454628583 0.1516273393937571
0.34873766732105765 0.387673575572657
0.31089340777094027 0.15978341898055426
0.3456378253756842 0.22489127798708108
0.28684957691797847 0.06749769086306961
0.4664905837412162 0.451297393330528
0.30615429507754605 0.3731273284173286
0.08233220880977071 0.213779100164406
0.36002795232955737 0.07273154673586546
0.46955643699209526 0.15240824822974564
0.3042232782374435 0.22838629441820124
0.27265577029329474 0.20891241077012623
0.444110521940995 0.3151616362205071
0.41691693014729647 0.10114451518596879
0.33419933223459086 0.10692270642350371
0.2240522130234664 0.42005650495669367
0.4382350602702613 0.29845667833964123
0.12124474178521322 0.3738736697820863
0.20364528249749492 0.44173247121546866
0.13734932212618123 0.16861337533106885
0.12628432748031904 0.0724702351326108
0.2537027518397109 0.46986226556759125
0.018331829808587607 0.08430627560973825
0.08307802876188936 0.05108892149227029
0.040855899463943135 0.12163428885920086
0.0718752216541036 0.13960573381124458
0.4048375917625717 0.29248993520843775
0.09796559024529311 0.19094765181284323
0.4148011143758343 0.20345189374380906
0.14913862268814831 0.21426744091293382
0.2649242858753711 0.08080638595496314
0.2488393194039975 0.3453917772886199
0.3841188701054088 0.15749003030032632
0.09567399718114172 0.3095255765276254
0.2665078764191361 0.3763877060472452
0.04286983204189376 0.11366088454388312
0.45146899442086214 0.018359387687533812
0.15350219100605528 0.42185838767604167
0.20229687150352577 0.245875186671351
0.0484308353503905 0.3767407413922932
0.11886197795594444 0.24782641185968513
0.4291140759713864 0.46599943598961535
0.11745101120352308 0.41528578277436146
0.0844632234031848 0.46012918957583193
0.3482255536715149 0.3293016302681124
0.4655022335224352 0.3686728197290589
0.16581928456981954 0.2937115497736895
0.16603191014999624 0.023324280772890837
0.30556266810207433 0.48866812722948544
0.12727791777666092 0.37778453651892424
0.27980167502096004 0.1684317577455603
0.45041278986911737 1.954373638971936
0.11447500609286032 1.6957248497021804
0.1212800242676938 1.6187043428303565
0.16802771653545479 1.8804920432941277
0.3127993756619777 1.874712643917603
0.2070980616867264 1.5559263051175636
0.37675988548929495 1.8737159719523426
0.031220201630568156 1.8933305665866862
0.13782994253054764 1.6621884373141131
0.22492603655056292 1.565293563787588
0.4564180792343551 1.750302958468804
0.20156118630402065 1.9077074740941415
0.23666672781194592 1.7502134390262971
0.4062968303316626 1.7670987316230642
0.2650572480987308 1.5221769279478539
0.41077471471957205 1.989671017207308
0.41534939520096265 1.723641738509618
0.3331610226711944 1.7418495799377585
0.019856249471637666 1.9189005718613128
0.00834445545425655 1.8194096865376943
0.0027814750007943423 1.809039274540039
0.43981671531819694 1.5928920577951615
0.04869358605659757 1.5104974073943467
0.4556851079191724 1.555368525345104
0.1276801790494933 1.5223631897305991
0.11929036490665207 1.5579698801238622
0.013731533147839203 1.983883410442991
0.3897373773273302 1.646658715894349
6.024448356705125E-4 1.7364929443869286
0.42136848338473926 1.8274091264429697
0.24219812065675195 1.8099040281707743
0.04527467859814838 1.6773313848989155
0.11422828550567432 1.9570231604280077
0.0888187103031372 1.5393704579894518
0.4899852432857966 1.827912798918581
0.19987853241043818 1.5934470175831699
0.372781672838821 1.5209634950133952
0.41741974992429814 1.9839529476838567
0.1119027973807053 1.8610348635398224
0.3013824146715707 1.610019316558968
0.22735928416799106 1.7330611092177926
0.4991552002708503 1.8265929186315422
0.10632462495183725 1.9532821856460616
0.20173240588808056 1.5010158115145855
0.2837811028867415 1.6012045864243347
0.31547682610611044 1.843271580425706
0.17730201034509546 1.8139181064067396
0.0925288862680741 1.9243078505255728
0.36070860665161053 1.6872681036143726
0.08097408825786989 1.7887985298372964
0.0051799116487195596 1.9765729236022618
0.05356266577894753 1.91967092863629
0.24925709489423903 1.8194016620760283
0.27463384636787336 1.6893274607061346
0.3343359951335475 1.7585728226954558
0.11690539946323958 1.596190103849311
0.17689138594411752 1.9216008734063759
0.42977756951913515 1.530565026645954
0.2485924434247509 1.7678698214172839
0.4146985863883238 1.9484015401517025
0.20429479139338397 1.8182808044524377
0.4459058971569858 1.7215330339608335
0.191006191650613 1.9159739433754346
0.39424489353071734 1.9713221066282192
0.09741370762150653 1.9113648407718715
0.08132300668574699 1.8316769018525116
0.4394644153412007 1.7766671304883026
0.29498767003140425 1.9904998552588713
0.41376227970332924 1.5155852661973266
0.4831443595731703 1.902108982813464
0.2635789757579823 1.6661118022250645
0.3013520157751866 1.8765146755976392
0.4432768030183546 1.6081788344775314
0.4532502672413456 1.6014169029565066
0.3044252970538618 1.7759670966503693
0.4881530352318143 1.7824373347006606
0.20985813076640703 1.7880379246515297
0.4068656114737226 1.946699463878804
0.366613124840399 1.6227710895055343
0.3640891452009375 1.792292252081799
0.26553325604868605 1.6548268413257756
0.206480064964417 1.9686988325343124
0.49153094852572626 1.522226264116955
0.10755798758423735 1.5174292790544026
0.05124375856934782 1.8514442278586838
0.0883398720683054 1.873212201829752
0.15918710387692436 1.7401824146394114
0.3092771526061166 1.9044175401850116
0.04165600066643099 1.809388568313957
0.20447670170670418 1.5539901214677723
0.43769928782782613 1.8015996266578007
0.1615149917890324 1.8463180981846292
0.020268371108825733 1.810578283890142
0.38298962575997275 1.6454841671888327
0.20430339218869353 1.773170648959564
0.06596956416604033 1.6465241004383273
0.1949191024464476 1.7002607851472114
0.3894746832643087 1.9198707555965435
0.12315593201729241 1.5685461394155014
0.40718500260993096 1.8502113920425833
0.25445488948837663 1.7242022100113483
0.3378931290323409 1.6980955353921277
0.42589323859154393 1.6813318718795895
0.25076584898806914 1.9841473721195029
0.06632429625595104 1.6468094208768815
0.13250933243984697 1.915547470552374
0.0028156965851600657 1.9977713710239384
0.23944160900445255 1.960637573193285
0.13015506202988902 1.7964029202246294
0.09910738397411556 1.767393141803133
0.10684111746626962 1.8620062365190273
0.3063422834091848 1.9950176851842003
0.06839844319047644 1.5513583056147289
0.3799059725373125 1.6319755221693393
0.40519286202419114 1.573917343223765
0.39843108289007456 1.788537295348279
0.4481194147094281 1.6569984925504313
0.4794828741710393 1.8140189860643852
0.41947728961911696 1.8334799542960432
0.27892474936477646 1.7005127429411953
0.3523214237406782 1.5897348790318315
0.4842971666488371 1.9161210351909015
0.3934892344178095 1.7239738001066454
0.008034366973949048 1.7474418445997446
0.489012246591418 1.5537759542373841
0.4167250200478834 1.9848711829835257
0.4330567495228099 1.894696008169627
0.19425493775629632 1.8891503019964482
0.19080386698938007 1.7803375214279193
0.05409503595037851 1.5467226681417396
0.29075183305272273 1.8154750843237832
0.16741401474046164 1.7067236045991443
0.4405508118867245 1.930407860676718
0.42467652702585534 1.9428919866616934
0.3557538366135076 1.6009072757635827
0.18922080450644935 1.571217578053219
0.38967083551681897 1.9253737310790444
0.4429169623790539 1.9045261216562253
0.02839219214573957 1.8420615677036136
0.3241070780131751 1.6852165432467097
0.16198919540949308 1.8091052965323242
0.48032076695204834 1.5047076311135645
0.4815074575622467 1.7353281798000302
0.3702948891481125 1.7054102196534326
0.13443245441639595 1.8152784924485286
0.43285686675293106 1.9201783295135093
0.2371973330422552 1.690385249880699
0.14079049006056105 1.6431078712573681
0.06477105049297127 1.521300993210807
0.4911371726958739 1.5039206417622275
1.9657546290176904 0.09555023476428004
1.996730443072095 0.08851032713593465
1.5558708517892748 0.44316398642146315
1.7507878221702193 0.38641769859139014
1.5633415109145719 0.21467332774579806
1.7828889490497475 0.0625861276529881
1.654541046239049 0.20746305772801704
1.643600963499084 0.177681343955842
1.6978550346773482 0.49246216858682434
1.8124792648704364 0.2784730624783582
1.9838902990624476 0.03440686290885708
1.8738557338499873 0.31892168891503436
1.980162404493895 0.045663691923554905
1.8345296985082282 0.044161899178852326
1.6615663532467413 0.05958277718144028
1.6550753529349518 0.15756508780430295
1.804398053473528 0.39301016140095274
1.8690283232311362 0.3554277075243137
1.854497422839211 0.37928028057607777
1.6858326840311866 0.48423318698007495
1.907198092168391 0.06278472744632896
1.9874014119584467 0.08387286613199635
1.747822100286214 0.019174039733363513
1.703089755014057 0.010708843695078518
1.6738022686290728 0.08575358031976837
1.9921709923494317 0.37896162090114655
1.7242500989226692 0.11149185871437911
1.9821634371023031 0.07988363688768113
1.578112964364069 0.018703114602235227
1.758611462552993 0.05933448994497903
1.6763186803470251 0.24088721837785426
1.6003120075885544 0.37660642762093466
1.534423103077422 0.008917029745459715
1.6414916437551907 0.37275327982633827
1.9281864357869392 0.46579484543405447
1.7884848180972128 0.13559798294905184
1.9487909410083795 0.3268938935879026
1.878157460645093 0.4630812415280839
1.6663212642504575 0.3564005369031707
1.6565105361068295 0.3074458197643077
1.5175414689635995 0.20302909296331517
1.549460590168524 0.10847649792453684
1.6572418134005977 0.21856464936111575
1.9610087201715263 0.35132376848930735
1.7895942539235556 0.44431596762933545
1.5418357696617395 0.24797720010738689
1.5507896372760102 0.2788236790141442
1.9549253742777768 0.1399939327313493
1.9818718323739426 0.19437199652795906
1.9387387477283147 0.18915418151247987
1.7859218874484193 0.4892789669913885
1.928824749315965 0.3180020546177746
1.8485544799201132 0.29893323045394454
1.7898777025566124 0.4929747802495385
1.6940897786847047 0.1457072975009513
1.5552811033058718 0.04869087833999186
1.8070272181641758 0.4621504180655208
1.7180543999319098 0.05093147363876627
1.7052874757990404 0.32043431460441135
1.830620231579479 0.31745620219515375
1.5604323162130704 0.4036739710488462
1.8024745863682978 0.4923606914516769
1.5018898951348296 0.15993250109832985
1.9090163077780498 0.295513250288284
1.747796645487036 0.3942879064536566
1.5634639065295755 0.4496889755899342
1.6947816414909784 0.3774130525837186
1.7943988508492024 0.1723965744985707
1.9458450893934112 0.15083588643548218
1.6215560585289308 0.06882799457572775
1.6529442522116085 0.20062189324519863
1.756116320168247 0.3135757946926708
1.6000929962890758 0.22501025361258503
1.7148385078913564 0.13164446150729586
1.9326150702888085 0.4635415819598236
1.6978232428120987 0.28633623808966446
1.9755409970186126 0.21265252789615313
1.694487472173729 1.3198022840166246E-4
1.5093501061561685 0.40416772123382755
1.543595027912711 0.2547197414824245
1.5221792301444443 0.23083523748496848
1.5365470123076996 0.18791254458035073
1.8219530274866138 0.14197456958185867
1.9484801535680767 0.15248288711130775
1.8804020312508567 0.09313750565953927
1.5392564872792778 0.18619897005675645
1.9601255494308822 0.2519607982344692
1.9625645437083779 0.48631524784875096
1.663219250465711 0.18630492595045184
1.990878790568259 0.2837225553066347
1.6488608203334865 0.10429010310257769
1.9107884221643026 0.3438753660326736
1.5529032413123618 0.19440702991311337
1.8632510322614384 0.14376849299647793
1.6159799402574815 0.10972060470357953
1.620128133102744 0.3725610448214188
1.7057138053885703 0.4878096839564492
1.7192661127251494 0.06686112395292543
1.5237664129567128 0.26875871404896384
1.6679805643692944 0.4560121249153766
1.717297807161403 0.4024657780233879
1.5968600686312309 0.20335549310390227
1.599226266249859 0.005624527576278848
1.72524696947993 0.18004361731083368
1.8805726905408169 0.379544028779074
1.6504588958350297 0.12001161448125675
1.8451630344621126 0.45218422384393303
1.9016226574326212 0.1083785103344746
1.569726787506192 0.2378286299408483
1.6197081828724076 0.19023315668748392
1.5114619824409972 0.0177999193996638
1.6800912057260766 0.3613144633416094
1.8973076714207482 0.015276300985448632
1.6149606591147696 0.07790898704200933
1.8339440989359892 0.4748703262713675
1.5485954384631841 0.03386966399091468
1.8371795302975868 0.3097565228197204
1.8565576037944456 0.01680350705503314
1.5765863667010147 0.1447219543473507
1.9352592208847195 0.4788033236212255
1.8225771676911233 0.19145051121923867
1.8690784213375107 0.3473942714348915
1.7986764671331104 0.48459022588698075
1.8811692702045066 0.41547728244224913
1.6779727093007413 0.3682713913096573
1.5791647125120476 0.48206436452224477
1.558612639112621 0.05315664405348908
1.5421431157048007 0.15448885405062984
1.9399982387747547 0.010234251584738063
1.7440232478442053 0.23897033996549577
1.9331902299753423 0.07935666176637618
1.6078387420188203 0.0319200014457201
1.7436750320704557 0.15414960363269337
1.9152373334156478 0.21979609377587656
1.803539805839708 0.13764979682957068
1.947387454563466 0.3858086252177575
1.6838944918962229 0.4685974131315261
1.9611842817630258 0.4214797084449624
1.6526862420800006 0.3851568128247009
1.727859414866309 0.05138283268597427
1.719756428644001 0.015249119045934845
1.9184725225812587 0.22172585375654374
1.9166939536172811 0.3876736508589757
1.6299302071708361 0.24498266564144155
1.9881124536907473 0.49385178032666227
1.7435084857967922 0.09150386498235502
1.9933715974653818 0.25173544540617954
1.8139358858049177 0.4719883012052391
1.7289817312560836 0.09845750276378379
1.6188368281996646 0.45674489348714964
1.9743421909075174 1.7856863504597793
1.963131976873865 1.6746366706652285
1.687161005862494 1.73702491729235
1.544130688759888 1.6714589961204336
1.8624343412869195 1.7110711377301784
1.90917991777984 1.529696286196093
1.680622577371969 1.5202274550089834
1.9260957796130256 1.5699250474006767
1.7820906348016468 1.800116225399963
1.950297916874716 1.5914350006541824
1.9443721382978083 1.734319499483818
1.8032182259057585 1.6720336654752181
1.6801632176771673 1.9255591575628703
1.760720740389924 1.7498496414629945
1.9111642821238752 1.870663193322048
1.5516842036025307 1.6215065213736217
1.9177151835172273 1.914982180266982
1.932480038306632 1.8939671647468646
1.608079636381506 1.7795363571180005
1.9064200128179718 1.9760907166277124
1.6601750146169652 1.7698469570581274
1.574702845096006 1.581358936889185
1.7839144569877927 1.867562796711547
1.7170131919199896 1.7554207167796942
1.8394141809121611 1.7759354542292307
1.745597499683274 1.6114606346615303
1.8630339263106674 1.6544347047775239
1.8082648598925894 1.9235806354980904
1.7223804465683998 1.5469469215444185
1.5393724407291964 1.7785168976137877
1.8516515881788225 1.7619020912465984
1.9020249782627994 1.8528200568310562
1.5482883272605965 1.9340938509145609
1.7021194260992283 1.5304717138906871
1.5643691598878697 1.6551688739256245
1.5068611896872732 1.7328645890228558
1.8411833464826375 1.6243682081368196
1.8664402641516962 1.8570126699932397
1.7574329136535387 1.7013944685236395
1.8487816915835706 1.7587614311478963
1.7477631931048239 1.5525736345991046
1.995753689556987 1.8383331757743018
1.9286117266547809 1.6037042946590494
1.6174046265278927 1.96891971464505
1.6306606918042577 1.5364150130153469
1.507569694920291 1.8615226298958687
1.8486068842950902 1.9164555181473109
1.6091503515848375 1.660639337037393
1.615819851793522 1.8214160987171986
1.9582888551630935 1.5991354963822078
1.529811215863718 1.5938768753084631
1.8441406420088762 1.9801420570123447
1.8188590933865991 1.8849906980721465
1.7277857476005272 1.8918608392574972
1.6783689388758036 1.7573075723268565
1.7276254617753193 1.5437637799361839
1.6099805650263734 1.5407743607244027
1.6643522619674165 1.6302128306927148
1.809220865473503 1.8260639087713455
1.5998557785090721 1.6621421621705565
1.504276971224698 1.7768259089698422
1.7191637391961754 1.8861943884842776
1.6037397934012698 1.8886903344825265
1.534098575820174 1.6313600108556972
1.8482700683300606 1.9881582912806082
1.9246404505727186 1.5520307648231197
1.807639096611342 1.994754237602168
1.7568475944534232 1.7553283862506164
1.6436102208116414 1.600875675760164
1.7224589404001251 1.8655536828383215
1.593506692799528 1.926674830928044
1.7713578504051677 1.6729851106829494
1.5774353858484966 1.8779843880299527
1.5394417466055075 1.9463350789325877
1.8940611443173658 1.6692112533733412
1.7216266349434468 1.8221034542566619
1.5555670521766023 1.6657772883840867
1.945108702612783 1.8505084435667662
1.791417442696332 1.6473411511224527
1.7125313396200923 1.8141927659446841
1.9344149254605332 1.5264391599060243
1.863585640743479 1.865724973877655
1.6534128782075084 1.9618999224053422
1.7464830400171276 1.7024449969668303
1.7251026982712088 1.792930910027863
1.5864182091288597 1.5931890743626822
1.5779340426965018 1.6707758707303448
1.7344555265690358 1.5582143266348067
1.5657594656847849 1.6371130666560854
1.8401551416122761 1.591652346893372
1.5109486421112037 1.6115128478703895
1.5760234427282207 1.5042732879920084
1.8070193477037604 1.6760697917214267
1.5619067409147231 1.9326500504922166
1.562558889207576 1.6066455758430975
1.739312827109024 1.7778981203703614
1.6346139350605817 1.73501036359369
1.699533514601413 1.9007418106001388
1.6836204602824698 1.8176528878538671
1.8954309476995241 1.5240096308750577
1.5781138724722326 1.9925732551594306
1.7906084309343697 1.7929252531423774
1.6533677501433561 1.8780299306750887
1.946524817623669 1.9171552997518135
1.9172578859801686 1.7538260031767234
1.5306782650589372 1.828464216426958
1.935065962118233 1.7319682493600546
1.9293598776258225 1.6566348620039477
1.7870480173135064 1.6182843500908308
1.8777968673009455 1.5574003597351824
1.878589679968106 1.8864786048247106
1.848573378434126 1.6029830620743855
1.722119476654632 1.9294669545425265
1.7895559158917913 1.7307876882157214
1.6715276756477113 1.765318608354789
1.5569270624898601 1.757329033113761
1.9863470420998968 1.8149898920697338
1.9609989410854478 1.9835039542235764
1.8698838163632094 1.616562275595105
1.6536255372500648 1.9933596392313069
1.502080352305652 1.9093291715343508
1.7512077273331972 1.9781947840502188
1.8638892198439325 1.9490518445962604
1.537030033951108 1.7665717156609568
1.8271012724312636 1.9547961874338498
1.5343947356470597 1.6770298596688722
1.8819561660612656 1.5052581291626563
1.864825405930655 1.7213112206722174
1.9555078484827657 1.9268032132399324
1.6936452494888437 1.8289529440879564
1.8925536393237878 1.5476028328858402
1.8667746950674884 1.9574412246940156
1.5985900487363376 1.8830793343933099
1.850646661748488 1.8788654894643666
1.8019238081806876 1.7126304245708428
1.9779299763700213 1.9313404027847638
1.6245781335465725 1.9776470150639165
1.8859064987301437 1.8800261885120577
1.5019247520369774 1.6158633208314495
1.780967827090428 1.7175047506807235
1.6086583699618406 1.9491494965246252
1.6435299865135646 1.8315781583817972
1.800346014871261 1.654233609961573
1.7982846487589694 1.5968322123702174
1.6619995937726773 1.7034048536315862
1.7437573754002806 1.5903011292160296
1.9191320264132865 1.5142371550814029
1.6979172949088888 1.803099596691121
1.7402224308350924 1.9491690031876001
1.7038467686389773 1.8907171403500198
0.7508186850089429 0.12634772221711943
0.7812097962472269 0.0028050191483984135
0.7156653382707359 0.07081822482541078
0.6610683070368776 0.332889233361257
0.7710246418884807 0.39395445709162896
0.776488899906663 0.3057730363712489
0.7136237473250768 0.07835971315615553
0.7558557052971395 0.07082825995566085
0.6820059621893622 0.3351115750940204
0.7400358899000488 0.2578075681512205
0.7613632598789822 0.37836373899869113
0.65938144247131 0.08347498148127533
0.6798013919782312 0.07262630211773793
0.7327410290008425 0.03299844185942855
0.6273891377034121 0.2747034737505521
0.7253459196903607 0.3537068720552472
0.7243331763649445 0.17421583692327902
0.638278733945145 0.2152766197252897
0.7825924456096067 0.10786190973034748
0.6587644943251687 0.35420934880590266
0.7889817530660874 0.3406573498445807
0.6292196978337956 0.0012007916741753279
0.7500431228343916 0.12505871021122208
0.671435395903215 0.38689295689923464
0.6055051724393623 0.2562570283597877
0.7758629222246847 0.24336238958201842
0.6478850856558871 0.043083765235523375
0.7754695229404223 0.14946967553487892
0.6371971831495711 0.3154888178853734
0.670052441562155 0.18275909591035244
0.6599679545857811 0.06829944535652425
0.6813406208825596 0.16044239964590434
0.6781376062291125 0.38374340779091093
0.6051269534300429 0.2928358055328183
0.7871532373976462 0.3764724028009687
0.7617807431417112 0.2044649125613293
0.770426861197435 0.34639405943201873
0.7515181448360087 0.17701247719887725
0.7055645076412976 0.03592911340512539
0.6909766980731873 0.008279311524026101
0.7392519678381784 0.2226177820614877
0.6495505763791508 0.07216166123132646
0.7599449198614748 0.24885122866731144
0.6528764031830975 0.2419785462103573
0.6687900427724954 0.3440620167956685
0.6604158088931531 0.1542327526056777
0.7420044663760624 0.19586752016466438
0.6091778291602344 0.11509396935547295
0.7320156825048936 0.26948106883516376
0.7763640923634539 0.1664021907926443
0.7465039671606067 0.22999148231855904
0.6912192289625088 0.13829774766044522
0.6102194714704611 0.2738967870217375
0.7478903514089854 0.16925182775991418
0.6862837015205279 0.2463186968380764
0.6195204183362163 0.03291431344415603
0.7344611341550888 0.11441183958014252
0.7545524479261144 0.39967906554414456
0.7571624895696909 0.20621623675294598
0.7704949114529089 0.0643582529790585
0.7458449323126001 0.24474857039604736
0.679055033747953 0.0016207204504073759
0.6467194889495059 0.2115149240255327
0.7071660517266706 0.04971092548950842
0.6364646763711774 0.024098539869831372
0.7203957285736986 0.3899346112942994
0.792976387837152 0.16253982136033787
0.6272661256312884 0.06404555609042162
0.7802921727465006 0.06722693774313045
0.6001813541842482 0.03001400970861732
0.6477564647758925 0.09860713625505416
0.7008825459976649 0.22910678885370628
0.6778184489254159 0.06725896023172764
0.6838094596357795 0.21550926726947572
0.6068332534889094 0.20312042616808626
0.7372740211190645 1.8063120625466782
0.6866635743032123 1.9920678333321304
0.612537163656596 1.6246929284402396
0.6649935810582622 1.870534786454733
0.6786079307690253 1.6297109078476513
0.6535934589231986 1.6685596898206583
0.7954152360584892 1.947797930001803
0.6293417532975825 1.6108842310421307
0.7005196114822357 1.6938098341108143
0.719318406628882 1.8693765537800517
0.6372612252007985 1.7676450520852873
0.649201951888885 1.714267897181553
0.7002159018517915 1.7629825682573717
0.7947171882358872 1.9115726313722132
0.636331593010284 1.7430512002401524
0.6838018653044047 1.8698292127000107
0.6755337379563958 1.607771399791664
0.7519257077942689 1.8165793848723664
0.6117982817773403 1.8998804061319179
0.7710260666670445 1.908243167813122
0.7772258293893477 1.7085513052758394
0.6339391610983605 1.7542320222976935
0.707638648700187 1.92605010380746
0.718040393116794 1.8018164077697234
0.7878667478661855 1.7009605097119913
0.7658683477642374 1.9190760686056052
0.7881961817330692 1.753557396967059
0.7839998220020417 1.7127015255620077
0.6381904563478714 1.9982707942779872
0.7661448625991426 1.9860635422911932
0.7748770699469214 1.8951997785970143
0.759424563895835 1.9541368468069713
0.6156431657060277 1.6765050663488235
0.6086247221300407 1.6096603348389211
0.6140840729405107 1.9073545995826302
0.6993430308099764 1.9379165637472768
0.6188953806363068 1.7817995077940045
0.7147917791962706 1.625425800112877
0.7947542998882786 1.6301336014982528
0.6089327302135991 1.9715592061544327
0.605919170969849 1.9158255722765998
0.6340721380722647 1.9454626518471196
0.711061327299447 1.8891439968733876
0.7813897768434317 1.986334576318995
0.7037724802605467 1.9910788661314853
0.7176308840630121 1.9794792885889514
0.7007294494744427 1.7613749900811098
0.6190405914573324 1.9339132658791607
0.6824737307593649 1.7138561494335205
0.7986000481256368 1.7040893081010604
0.6021563070661166 1.983093592604698
0.7282324004267116 1.9827175895135656
0.6153482988014366 1.8256470862510323
0.7086037447782072 1.8378094936493392
0.7879739063156348 1.6137559105842387
0.6056419118264397 1.9220426962033186
0.7419993763366687 1.7132411867407888
0.7783108822530393 1.8462697718027061
0.6595673990038644 1.6059939664538523
0.619265396250732 1.8798947980306753
0.6950397530470235 1.6657007068559968
0.7440291745073003 1.8702944042161853
0.7150107135714017 1.8888170156902349
0.7321736522249557 1.726130119926797
0.6101663238218854 1.7629252148426586
0.7522088233000033 1.9927549542568515
0.6043573093429246 1.9664775691079852
0.7615641437310118 1.8569469403582053
0.721428879940134 1.7298010058324842
0.6671347768116375 1.9663407320045567
0.6452583846594091 1.718228982758532
0.689657824499299 1.7436176826062144
0.7889931261836981 1.6318412012308825
0.6308288523760484 1.9085179902775773
0.6194266799570319 1.8141115058780186
1.307580352991681 0.34165867667020255
1.2337187352414924 0.29694956694080765
1.2169764710950732 0.30511709699361655
1.361955727355118 0.36715151665394274
1.3180354631740328 0.06702222599489756
1.2997896972569918 0.051361310294805264
1.3803399407492218 0.23935776692584698
1.3642329011736463 0.27384238524200133
1.2922695514114528 0.36407256211977435
1.2125332143253258 0.3336275319397641
1.3604140625676187 0.34712994846371137
1.2639433383886944 0.1744436774863509
1.3507125398490654 0.16953338040287333
1.3706814730267973 0.027011633761775757
1.3531832149932521 0.37648653320542586
1.3765525333133712 0.09675251211958957
1.201291430147057 0.23111216275928342
1.2361668862704753 0.38126495049174625
1.3680632146011713 0.07322533842265858
1.3395523676634684 0.09039678826695141
1.2925656977631328 0.3833591150093616
1.2968027571256384 0.08461723936264881
1.2684465932948814 0.2847180630191911
1.3115065090445797 0.1818462129475208
1.2911170351702135 0.08318515488807364
1.2167630670680958 0.16880645595109983
1.2446507122788986 0.16394954462935624
1.3735231387970386 0.13434867851126842
1.2595424664285928 0.3484447242827842
1.3094492289020985 0.22886756947675108
1.264316760376092 0.019353251643912196
1.2326762917160865 0.3458746450534329
1.2252585629991315 0.19530007855514306
1.3145324388269901 0.3002100547734771
1.291650505006869 0.2760905636286923
1.2260004063936654 0.22374103495279862
1.338987181381487 0.029203962831226705
1.288369218247881 0.38194164722446566
1.240843223763698 0.15322611103186806
1.278809426321216 0.00952158864735142
1.366667807818384 0.07154873140846991
1.3706734234801567 0.2010031761617459
1.3317534326243012 0.3686587228905112
1.2954801200298265 0.2514858631116896
1.2264180907317543 0.3747225378748099
1.2246130898077754 0.04775265365919715
1.3367591595237691 0.19661975289612701
1.3373328880633193 0.26489608566641865
1.3917246165267307 0.3294167260312519
1.2036734180027797 0.0029724331984820386
1.323523996576131 0.21634988260513768
1.3441962493028672 0.056126208068211315
1.209900212012647 0.3738714246379455
1.3890537306367907 0.23539960219915437
1.2968070265974856 0.19631864474344166
1.3184088662018134 0.18106061432996523
1.3123065510807965 0.19142497072778464
1.3960188799522342 0.19178943146817426
1.3917987887556602 0.22750322645389043
1.2842582607253368 0.31391856702837373
1.3975283395938924 0.23542131071358274
1.2857498005042085 0.12651667169603506
1.2803449800592936 0.04360385198595234
1.3675261542565467 0.36388113591529125
1.2088949534695748 0.35786059845699725
1.372638382879212 0.2962942765991796
1.2832390905044602 0.15017852762046174
1.3565544151036109 0.3521653184176161
1.218586554775026 0.013426664812896894
1.2549456045501381 0.06852897847494002
1.2811624368661698 0.16180155324174833
1.3786879198121642 0.3528474694910326
1.301004612654115 0.09203386521867074
1.3876810698638535 0.232910979194304
1.327957938995636 0.16492962484053392
1.3311167601872675 1.8111971477468691
1.3451395275768385 1.8993675242404586
1.2278957781040285 1.8422638012112125
1.266871581248526 1.922568367957001
1.253363468542696 1.9927171086805546
1.3819312181149102 1.9804103795755095
1.3303725956638783 1.6611481061805629
1.3209032737797646 1.9798892278516895
1.256104288363702 1.794072926491071
1.2796995926888142 1.8265654756864629
1.261530349526989 1.6254746189126403
1.2465973288804946 1.8939413682439665
1.2213079404642369 1.6084315133097817
1.3385718356821596 1.7326451842150332
1.341084780092141 1.6143014557957336
1.323473183077926 1.6915814913598557
1.3795444474790073 1.7836362937185997
1.2976598148038407 1.7820084632831554
1.256336913050341 1.619455840735788
1.3422578971122525 1.6235831386845017
1.2648293751219608 1.6962915391048927
1.2486825533729182 1.6578332531923285
1.2424515549873905 1.870620948624965
1.243445358430284 1.6694724157795229
1.2345081780403169 1.6751827344040753
1.3965134839374393 1.62402902727739
1.3600625610502748 1.8096970993872024
1.3543603268043714 1.7748466259979858
1.2923153427259693 1.67933499683429
1.316769428422472 1.6174644162700993
1.357572481740239 1.8780266732678617
1.3690136258500383 1.818968329382892
1.2092897922488346 1.6784387636368945
1.3696850947404688 1.6722452447067035
1.3007535265240042 1.7092949818722527
1.3789919014686427 1.9640705172010668
1.331717177284746 1.9111771008849638
1.339995087474915 1.9273305923595325
1.325156404501743 1.9354356544710594
1.3803507348306332 1.7395044766648131
1.3226568224783726 1.6502272781611371
1.349872195835763 1.6421722873529325
1.2764871441229788 1.8310534941645216
1.3505950034741403 1.6027496818442581
1.250296585098945 1.8342166655668504
1.3476000455735182 1.745156932757218
1.2596828632855506 1.788891245201426
1.2280728680145805 1.672732430163426
1.268037191241366 1.9949615309842117
1.374311082888593 1.9761864767491146
1.2583606738582158 1.644712190904826
1.2386443525896935 1.8646499855492218
1.3875638997516586 1.819164493212617
1.3368320176612152 1.6194008336010328
1.2669030870569031 1.9299082006428732
1.290388518288097 1.8713942803516606
1.307679990723071 1.6053565939292833
1.3100357168295478 1.7899166118645962
1.3918934698069247 1.9458886359666567
1.313594957053167 1.9700824851736722
1.3759701915532356 1.9720065231552395
1.3240688554032525 1.734807850231025
1.3991645313258279 1.722766112808883
1.2864904117709806 1.6029984552868293
1.2688219727044299 1.8555589247165496
1.2712084574128277 1.740000748884695
1.3257565268999474 1.650324664617973
1.2224923275181954 1.9525490666656395
1.26464944739572 1.9762081214441112
1.3661020797333874 1.668566189848561
1.340419553514358 1.6704667294810052
1.3879021767329922 1.7348903867327228
1.2651362231071606 1.7720611693393968
1.2965561466031688 1.6839495349115206
1.3079823565756856 1.9185002668734734
1.683703422178611 0.6447403577180626
1.0319219827304351 1.62836523318551
1.38355650716563 1.4368762798570418
0.9327197457261605 1.4235439684987226
0.28610257084300916 0.7005563021779526
1.8899997728687512 1.2150528896657626
1.4740087938951978 0.49543555436973974
0.3947310558494861 1.6173375392577416
0.5767803364647597 0.7546508479374825
1.4991890828459409 1.2619780666367832
0.14595225927295985 1.3574275373264044
1.4204453108304844 0.3476542957447799
0.3327464763125343 1.1842970736855376
0.05632499798449908 0.7456770386293936
1.7309721973782632 0.42418060544141145
0.282019073737948 1.6188437587232554
1.259055278979647 1.994526463576036
1.5551453651094187 0.977535197495248
1.3124320481454943 1.770015359393313
1.8019997825768856 1.4338598873856339
1.9472059460418096 0.4447383669727234
0.07990941919711991 1.3652746417695845
0.7163830834674987 0.5484674101116509
0.784207105034908 1.8739683939500817
0.35690811249006416 1.1197455667012828
1.4198534056565681 1.5098292166931235
0.38198290663988654 0.4999570291855957
0.41409816952858125 1.2699522153151022
1.0172675134572042 1.9737037318245216
1.5120722356493193 1.3931335841650228
1.126411365828385 1.4299405491157753
1.951908364728482 0.3781407788297908
0.3168874749672228 0.3509018575600453
0.9316560838330981 0.4908180834410374
1.8598715293867054 0.7869365834971609
0.39301296989380896 1.3819282888033315
0.21687414329583876 0.03579946281875168
0.8971094267082376 0.5675116262875581
1.9787880351206601 1.8162463861475924
1.1145505668440263 0.2807346877783725
1.148310274205673 1.7542307068521186
1.738432255342487 1.8619843959943427
0.7219148956101984 1.5719569462983014
0.8710163223130063 1.860109466201482
0.7545050777902849 0.12722024590729508
0.5272301595518527 1.412178976048773
1.9324705917191638 1.8659115951693361
0.38171104909509346 1.0853113174158258
0.4858329230130296 1.0240082690003411
0.7944842808160404 0.45494735460716074
1.2259738533716966 0.13240835769349912
1.8029832663022392 1.2549729459700605
1.8571430640055442 1.9722058314656095
1.7512086037928807 0.194076360196765
1.2924161773060143 0.2391295571805916
0.9522779890415694 1.2066386856324363
0.39618197939590094 0.41753911013349376
1.845705497438332 0.15573726283746803
0.14714553467142277 1.7253907517604852
0.7172142011794882 1.353840200292403
1.3200020505079981 1.1006571835446457
0.5110466445279593 1.3830450890241297
1.5245751325682215 0.9067914300959976
1.5713145959510195 0.7788286610476376
0.986133855767596 0.8732161565056216
1.3712132061746964 0.7151838637175694
1.3216285048496281 0.7204575443963461
0.488082904041492 1.870976407683885
1.3748452272762912 0.9023622904549311
0.5731595382692698 1.5322235496435774
0.21933711709921377 0.644349235472327
0.6266089477196515 1.0123654628242658
0.32343325745422113 0.544683257382869
0.3623881635105273 1.5007784949440484
0.17645822285110513 1.946283721155272
0.8552765916006484 1.1950991732925274
1.7920486542735925 0.3087427822355535
1.8560810215171648 1.4653362766737357
0.07156405313505498 1.701076792820408
1.4511898124108706 1.304026014778817
0.07177846009184163 0.15110791791615386
0.19193477578282203 0.769012515077955
0.2958953414769603 1.8345518981468512
0.9572330350923002 1.193958416129551
0.5469104254641555 0.31691599109520796
1.9152697088213706 0.7767786182251439
0.97846386081553 0.5111880884836482
0.2994315362628288 0.37816452590483673
0.23814027301705898 0.10247728213629914
0.2918894399842331 0.5797221332908034
0.1951561640633206 0.22810732028640546
0.4672161844812466 0.07031685953248545
1.3180460593757497 1.542482441818306
0.6752107771398861 0.9480670005772887
0.4091095715150799 0.06221223444793189
0.5542165645210795 0.30099319184650986
0.9813785251100877 0.3741861630642327
0.24348542952940377 0.10219000938064271
0.553583250215598 0.01968033907387645
0.41061946042978636 0.3171734339081036
0.25565905538677547 0.3238156222990578
1.931171621585592 0.9255669945954534
1.8107654393074113 0.36689183857031527
1.5053678385499334 1.664969504221821
0.19243612408870558 1.9990733749227827
0.625709109787786 1.546401615977858
0.11033220094487728 1.0611381290648079
1.990231917115288 0.7069295273564817
0.8279716185210886 1.6140892130353022
1.4343077339538515 1.3557966446268073
0.9295817324992162 1.7360505709269534
0.9293491496211854 1.248191958120608
0.10231957603690578 0.38819527003897236
1.1021101695070845 0.6365159409840517
1.418772286520822 1.5466670351858107
0.6467525596957637 0.5723122141252548
0.08079356544206551 0.8234710432813444
0.6554401811712653 1.7808719171603324
1.7622025016955603 0.918357093312888
0.70311073388889 1.8233450730210865
0.5106120137605734 1.7170230858778743
1.7013990673216586 1.0053433862734589
1.8131576143470705 0.5530787642580899
1.2598300080643283 1.99298003480992
1.407177551893568 0.34766016520559373
0.07551268344661999 1.9190995091980028
0.6770381747318361 0.44851147796832325
0.29500020811789995 0.08804879085814288
0.009542393521575487 0.11057507689079782
1.6115511029459537 1.2961123716165595
0.6644991907111661 0.7418398845293057
1.928334762586775 1.9465670255583332
0.14204473372070847 0.3545540269124654
0.518870151520169 0.9695834675710846
0.9461822291754314 1.7320641943512005
1.0878284077365394 1.4211161878754475
1.1330880214294234 1.6582307807992942
0.07264415205575347 1.2030785515365747
0.6341886995336308 1.9298646147962328
0.9788499261294579 0.31367112096085603
1.546391324958104 1.266913876794393
1.2099334288248271 0.2105808104981406
0.3832745745317476 0.5894543622923105
0.3957125189219888 0.2540593780215725
1.4164425376969298 0.6446749061531678
0.32950035443316383 1.7121697350781298
0.9122936448516656 0.6842053845358564
1.4501817567815392 0.0813447368593383
0.714989310672034 0.3443526243068702
1.3568906433831625 1.9528806861731745
